-1.513741387425379670e-01
2.340222642015656052e-02
-1.047641798563653942e-01
-1.187813074084651810e-01
-8.504616819008754824e-02
-3.942806358873152117e-02
-6.165894200282487358e-02
-6.380958265364528037e-02
-1.435487132589922110e-01
9.283143533940066416e-02
1.054051557730821126e-01
-5.319647174961100733e-02
9.674798807652265631e-02
5.670077613754610085e-02
-6.758157636688055803e-02
1.221467166616248129e-01
3.233297782055061936e-02
-1.484152407294176412e-01
-6.146978006400580924e-02
-1.675878942104236380e-02
-6.684193390148617138e-03
-8.259706470491297303e-02
-9.708573273205382825e-02
-3.513151752706106159e-03
1.195199088810296045e-01
-3.840059373818256044e-02
9.560440760468778831e-02
3.436544548178459280e-02
1.240018372135675701e-01
-8.193201952254951237e-02
8.703964961898220595e-03
-6.468269516323310597e-02
1.278820270532445014e-01
-7.098684147184707027e-02
-1.407348890574917910e-01
1.248756225420236676e-01
-9.001633346010015635e-02
1.524203470712077735e-01
3.826554825880327387e-02
-1.096202693906243308e-01
-2.104438080208730077e-02
7.561872002270193793e-02
1.052084724596556858e-01
-1.182828878657322530e-01
6.900951532095814245e-02
7.450362669380730662e-02
-1.081404857140189912e-01
-5.096315842180986627e-02
-1.093981406814206192e-01
-2.235465007707736901e-02
7.489879954103696724e-02
9.562636809271478355e-02
1.480503896636602423e-01
1.478401114713324277e-02
2.887247711359211544e-02
-6.087039643853525694e-02
-9.063106655698703606e-02
1.451380897299067163e-01
-7.672838527939505882e-02
5.032429015578137460e-02
-2.984493725199233172e-02
-1.139452807191380646e-01
-3.252264688069151505e-02
-7.180275232633900884e-02
1.377873396985554444e-01
-8.390218040263383581e-02
-1.758270546209578233e-02
-8.606909533849085858e-02
1.254326339198106044e-01
-1.125896557889314725e-01
9.716270013299554975e-02
7.353320141679388702e-03
-1.201873173251826327e-01
-2.187583261316759439e-02
-1.388003846091048245e-02
-1.266668739989372794e-01
-4.666109204393063120e-03
-1.402502688763465066e-01
-5.703138541220928448e-02
-1.570835796169584853e-01
