1.634565721967350203e-03 -3.942149299953864525e-03 2.051334210939960434e-01 2.464947109345568266e-01 -7.190089977861052750e-02 -1.296489006935501731e-01 -6.222807477571539597e-02 -1.128910509791356265e-01 1.097030116667371963e-01 1.646062827982459897e-01
-6.548561693944196516e-02 -2.277250170046938027e-01 -1.767018360452245196e-02 1.910752609443864825e-01 -1.229726288527847877e-01 4.977530096009941812e-02 2.597479590124150695e-03 -8.298724352666685122e-02 -9.236454775581645626e-02 1.567926153427552927e-01
2.272477776204124555e-01 2.239483821903560656e-01 -1.820605272625091808e-01 6.928822385173642739e-02 -1.878192069558599908e-02 -1.640129744197568740e-01 -2.311929123852193568e-01 1.801898001693604812e-01 1.178680691550556547e-01 -2.190577613249172495e-01
1.137235564378574620e-01 -6.555438564560875370e-02 2.006305669718846246e-02 -1.269894749042353166e-01 6.680736548291868471e-02 -2.275985331299311965e-01 -6.689814503205691876e-02 1.020871478436842783e-01 1.079389299332195531e-02 -1.398315056216361263e-01
5.130368969066645413e-02 -4.787623941006061840e-02 -4.063760762161822832e-02 -2.363370985573865490e-01 1.087940036532343696e-01 1.460976439917950342e-01 -1.525493044034720580e-01 1.690026824110337222e-01 -1.314933100370544172e-01 -2.283739836097364861e-01
-2.055218762802665800e-01 2.146512203826354270e-01 1.948669997457000980e-01 2.311002310325737663e-01 2.076590326496697281e-01 -1.846106674523892710e-01 8.335284184795828388e-02 -1.134614249499482780e-01 -2.485550158284199618e-01 8.517378441627555807e-02
-2.499865719993375479e-01 1.126546879247260630e-01 2.365751916771655916e-01 3.983616139739252354e-02 -1.167484046363115868e-01 1.383536348732683496e-01 -2.049720282522446146e-01 2.561805989484033930e-01 9.527208114092340641e-02 -2.012858080850812581e-01
1.517624722562791184e-01 2.496385059468391732e-01 5.689817842813604115e-02 -1.150351466874186684e-01 -8.749138251452108495e-02 -1.043927977376777061e-01 -7.161231235163721502e-03 5.982367624430666442e-02 2.311629268036055618e-01 -2.234061963902541637e-01
1.786287891258226679e-01 1.214871977562651320e-02 1.116017425578656880e-01 -1.865719732805737330e-01 1.695758994186055413e-01 1.263202191115931627e-01 -2.020491681150520663e-02 3.937425695912982748e-02 1.864831829596008961e-01 -1.020077014426343243e-01
-1.184573434498505523e-01 1.508557071278330830e-01 -1.683734840022190482e-01 -1.857259093947487838e-01 9.242219333373866141e-02 1.755802857675407558e-01 -1.640247059720382483e-01 -2.111279135205664514e-01 1.982789396667102022e-01 1.065611321135087747e-01
-8.423504261019447437e-02 1.187591599801148673e-01 2.009587462592638540e-01 1.322876399378638546e-01 -6.978072488153735931e-02 -1.265690205406436175e-02 6.115048324483180614e-02 -2.537851812002142951e-02 -1.872751982495639844e-01 -2.234344689832796216e-01
-4.706389166035149230e-02 1.049748479019778774e-01 1.887261762601322446e-01 -2.584389931765369575e-01 -1.385680360277454226e-01 2.051194193110257857e-01 1.480155331544878439e-01 2.587335948785759315e-02 2.285481628823411715e-01 -2.277878839424255786e-01
-1.835363578090294379e-01 8.222071160959196212e-02 1.809377632216861709e-01 -2.254832111258510685e-01 9.831567322996588934e-03 6.311091010868453977e-02 1.619284932330671556e-01 7.743070287945322261e-02 -1.260318673748249407e-01 8.705788046732214347e-02
8.332255530463390791e-02 -7.257120109580814105e-02 -5.933835267289251647e-02 -1.446845367007401628e-01 -1.736716741949394932e-02 1.659831276701858593e-01 -2.527036449309784383e-02 4.833448831451853285e-03 2.418831780303027923e-01 3.891754983438260734e-02
1.237622183614702498e-01 2.207749739429541447e-01 2.455110576709626513e-01 -1.448596419219720932e-01 1.216111300915652393e-01 -1.925281040885440690e-03 -1.969609236996836821e-01 2.496175678448619706e-01 -2.060269124435994831e-02 -2.045952320583561135e-01
-6.672113295792043985e-02 -1.764628736252500385e-01 2.178755777402476002e-02 -2.454737604875990020e-01 -2.494384577821433524e-01 -1.841873675109114983e-01 1.326929722617412877e-01 6.865732283690578752e-02 1.576232960002116601e-01 6.991827685212494148e-02
-2.135769777163202751e-02 -9.205791450551190080e-02 -1.724060985171579075e-01 1.390535426391422413e-01 -8.828867389177992575e-02 -2.531062296131305622e-01 -2.113777715669936108e-01 1.622001345458842503e-01 -2.788208565265469507e-02 1.948337869866613725e-01
1.612654174523427408e-01 -2.289624620826836154e-01 2.003400593229544280e-02 5.972953479443084829e-02 -1.425352392089065390e-01 4.021583789087080502e-02 1.491997702721561125e-01 -2.290809039697954963e-01 -1.430643281067615902e-01 -1.568608844389689505e-01
-2.402507538740827620e-01 6.445415977740168167e-02 1.957504782857489786e-02 9.666023781718238728e-02 -6.659846694205527606e-02 2.070892369477269623e-01 2.437866999202453755e-01 -2.806439214621700429e-02 2.594527445638595761e-02 2.030118526298426984e-01
-4.447131884458975504e-02 2.252565272277094466e-01 -1.019164973529817914e-01 2.102329950736397113e-01 1.605122869522498663e-01 4.993600486974956836e-03 1.329306611108366787e-01 -4.323876729138343387e-03 2.002806416110984589e-01 -1.274018820597585810e-01
-1.374229382973254643e-01 1.484926850672556586e-01 -2.437871609852138854e-01 -1.147647282359223336e-01 1.013724935665854532e-01 1.138322394581817026e-01 -2.089701843813633608e-01 -2.578918578656436700e-01 -1.358995462283607847e-01 -8.689637662743088242e-02
2.447889200996165304e-01 4.820381677442168999e-02 -8.009226573688122547e-03 -2.262475037023137930e-02 4.750245050993982809e-02 -9.324327102253469890e-02 -7.379775783891337482e-02 -1.203640279590843382e-01 1.019472865063750511e-01 1.695841124961201263e-01
1.310091572881719180e-01 -1.964055605288751727e-01 -2.520397182884118181e-01 8.258599818155749894e-02 -9.400684580066641371e-02 -9.324294203692018446e-02 1.634459446859722054e-01 -1.089829382587559348e-02 1.362693574865731228e-01 -9.716429968393849870e-02
1.006104012601677367e-01 -1.283230006213650909e-01 -2.227005663892935861e-01 5.938579145542143001e-02 7.342647893994100339e-02 1.034240551283483883e-01 -2.133937674203299217e-01 3.455458340526957467e-02 -1.371056714477521254e-02 1.744076390291731116e-01
-1.605475501671730088e-01 -1.205133430722362814e-01 -1.058461794193361755e-01 2.076248890087534216e-01 2.969008358654774693e-02 -4.752094515919969703e-02 -2.010045430108206299e-01 2.019900095645197624e-01 -3.347678129329931945e-02 -1.135155765132074557e-02
-3.334909877205997908e-02 -7.139158612294420336e-02 1.162575404967504528e-01 1.005528640619179209e-01 2.295512699761754760e-01 2.268576582328430402e-01 -2.614649279857962916e-01 -2.592709982119627554e-01 -2.508563591593168662e-01 -1.695835219318037879e-01
2.395814274058279403e-01 5.163621253553375701e-02 1.381848948018854772e-01 1.955710505575513902e-01 -2.123913497535566686e-01 -8.409126601022041958e-02 -4.679433038635073816e-02 3.158992144056629869e-02 3.507295189707901328e-02 -7.042520384653526422e-02
3.748486497180923693e-02 2.368139299020227129e-01 2.367785601937184292e-01 2.234475012305784380e-01 -7.001152209771685508e-02 -3.527731623459377797e-02 -1.914000348644820382e-01 6.482476008707098447e-02 -1.716067116395426917e-01 2.393610288601748792e-01
-2.623441011996953121e-01 1.645389120940038974e-01 -1.629966880925239614e-01 -2.503322897466461194e-01 -2.491344976939972589e-01 2.107739247267615967e-01 2.134409064671701287e-02 -3.988131443145496308e-02 2.532573995421684154e-01 -1.884504543294588386e-01
-2.009036988995858627e-02 -3.599373312897105603e-02 -1.310837740812743069e-01 8.870273923640130398e-02 2.008038825056559021e-02 1.685940033052931719e-01 -2.096318338404946080e-01 -3.179048900877655404e-02 1.763605863524142781e-01 -3.423217261977182929e-02
-8.747266714462560711e-02 1.791150181793469132e-01 -1.837859702720276434e-02 1.831369956752290085e-01 1.279565349941033485e-02 -2.157029793386279759e-01 1.247168363933095006e-02 -1.217183429585930038e-01 2.064373603716704031e-01 -1.455453910730699629e-01
3.701269473308251012e-02 -1.777658746336726325e-01 1.730052675301009535e-02 1.977244479109397518e-02 1.475498830818054996e-01 2.617381931311327792e-01 7.886011623603368659e-02 -1.896194364589472159e-01 -3.531402666900421150e-02 -1.388710048900952954e-01
-2.009817470706080078e-01 2.474457815642594205e-01 1.343995635503121680e-05 1.918598886922552871e-01 -2.263444333746658377e-01 2.051870047152666299e-01 -1.979910598756762785e-01 1.745080144519022547e-01 1.018928762993400600e-01 -2.022883957868462368e-01
3.937347859557464164e-02 2.113738567363598053e-01 -1.923136167061445523e-01 1.484678522400491862e-01 -2.837412367206707670e-02 -7.119900983812103151e-03 7.495035512886984164e-02 -4.134444485212996657e-03 -7.586291596085820155e-02 -7.488343334489952485e-02
7.710457119315040908e-02 2.228598673894720827e-01 -2.256285996911480685e-01 -8.586561056972116801e-02 -4.480219558333951163e-02 1.495184906749336684e-01 -1.450286745342670158e-01 2.525667009357946413e-01 -8.648409489732161726e-02 8.078219129657627715e-03
-7.113980491566787578e-02 -2.609550546837592633e-02 -5.294586347125163073e-02 -2.153938545890563550e-01 -4.340050680202912209e-02 1.255751560211478823e-01 -1.907019555333716032e-01 -2.497449828892465140e-01 9.566404338674784624e-02 1.889296234078217604e-02
2.422952354020248278e-01 -2.382168904386608166e-01 2.050415800184215154e-01 6.791862542297220917e-02 -1.303815430058263836e-01 -1.805924733692770567e-01 2.027239864697757132e-01 -1.563929596246360076e-01 -1.528496548156799140e-01 1.052919212891515084e-02
2.224820075846875300e-01 4.357597910036586225e-02 9.492865494726174247e-02 9.692719360246516980e-02 -7.418086787816914607e-02 1.214534604336958840e-01 -2.571556784804177598e-01 -2.473380005045620611e-01 2.326719628679817242e-01 -9.988001688443191861e-02
2.529333314795477183e-01 -1.494889037641747020e-01 1.293068687837614361e-01 -8.633942558822080282e-02 1.831294892354701220e-01 -1.404221757645548185e-01 2.154193209514489171e-01 1.212845645836104908e-01 2.722653126893712777e-03 1.138494582834892049e-01
1.261400991365058122e-01 -3.327524776801324413e-02 8.557222880855554215e-02 1.694601656908007181e-01 -3.654514289968309459e-02 2.163687360824887163e-01 1.363983675785383487e-01 2.051479908655251538e-01 -2.054860737928483061e-01 2.453369257524704861e-01
-1.253644276686488868e-01 -1.213016987766434573e-01 4.865752556051326783e-02 -4.702400410539666481e-02 1.193173794877360749e-01 -1.049880128400534351e-01 5.654953464447223799e-02 -1.271412612292178446e-01 2.183961165781753144e-02 1.026707793584966111e-01
1.142929623272253142e-01 8.474513285416758468e-02 -1.033581138899293261e-01 1.446347914739143925e-01 2.344044441180814509e-01 2.048648622482875381e-01 -2.132040845770726278e-01 9.349112255574441865e-02 -2.494398673457667581e-01 1.363906403604028643e-02
2.435485474686004959e-01 5.886846474179324544e-03 -1.042588565955397950e-01 2.477640282240329839e-01 -1.756659345267609362e-01 -2.290396348510961577e-01 2.508860026679652841e-02 2.038751705617088961e-01 2.488535155116569919e-01 -1.964388202081825130e-01
1.456345578280291916e-02 2.108015787677247274e-02 1.875809351106399736e-01 -1.194923522092931345e-01 -1.954740677318170805e-01 1.404047364320136666e-02 -1.377357836263889135e-01 1.862644765627504140e-01 -1.429584244789860459e-01 1.256780669695692909e-01
-3.088058779849130880e-02 7.076425261331366345e-02 1.040724441995017069e-01 -1.452886726883135249e-01 9.525205244805605431e-02 -1.060544626624791709e-01 -4.774947654096126787e-02 -2.502955467525282973e-01 1.229433801282686506e-01 -1.916482055669428142e-01
1.254229522403345898e-01 -1.245200068985007347e-01 -6.756352366801558762e-02 3.908126043621374529e-02 1.550939781026248465e-01 2.420565923022315602e-01 -1.800929642135064290e-02 -2.607322780196471568e-01 2.328395513593691235e-01 -4.978841875247970450e-02
1.725384637707305380e-01 -2.076882519295486784e-01 5.473598936863123543e-02 1.234981000547639984e-01 -1.507539235865308358e-01 -1.062508934323468934e-01 2.196719895592931515e-02 1.601424936976707236e-01 -2.160757253499655528e-01 1.580506146610999585e-01
-5.822501286454439054e-03 2.233159928399325311e-01 1.719723139353701797e-03 -7.228067637744554907e-02 3.755282322661699507e-02 2.778652384575826598e-02 2.451159376710261850e-01 5.280493631427304185e-02 7.712041860340594635e-02 -1.679551828921735934e-01
-2.449008229848407825e-01 -3.243404600304217872e-02 -1.983460224395954818e-01 6.220316721029359869e-02 -1.436102497692879343e-01 1.840245579069822168e-01 1.124789835486675743e-01 2.350170102407951878e-01 -1.353673649453382422e-01 1.896352839361002685e-01
5.705100145250191490e-02 1.496696229479504703e-01 -3.332217376466278108e-02 -1.972417020023852496e-01 1.375670305301416874e-01 -1.994927000610833001e-01 -8.468506307878279071e-02 -1.338674726224026723e-01 -2.023278021701591101e-01 1.757172535982856956e-02
2.643538207048190883e-02 1.633284368780350132e-02 1.435907724731743385e-01 1.525994109080081561e-02 -1.211659539636719962e-01 2.559705087573361793e-01 -7.310553390327131917e-02 -2.564246813866644659e-01 2.418226224453272621e-01 -8.532896018642985303e-02
9.957615272660713668e-02 -2.226016880010535381e-01 1.010808981890589237e-01 -1.028569395760340205e-01 -7.379295751145066584e-02 -2.316239555732741429e-01 1.833987031093857467e-01 4.765532065803582476e-03 -2.489266189870627255e-01 -2.596462560745817494e-01
1.764015961191744419e-01 -1.639048176776488619e-01 2.125913536948875193e-01 1.017750457269503833e-01 1.480422010803999211e-01 6.349545673888701627e-03 1.641120349922526866e-01 -2.474058123515356922e-01 1.806755217913037226e-01 2.673405672616003051e-03
6.411235711082664823e-02 -2.324558089276144712e-01 -1.881503458676652557e-02 -1.802590648404726603e-01 1.884486843298088521e-01 1.030874617751155881e-01 2.945014754710400043e-02 6.407370475534958365e-02 6.955269230809868475e-02 -4.261717314639111576e-02
4.958439098125807382e-02 1.368934954860771547e-01 -6.184359622442912874e-02 1.901563924558803131e-01 -2.144187674264188548e-01 9.249791668240486819e-02 -4.459809633261403727e-02 8.027129720258835421e-02 -2.539397585144568259e-01 -1.254369198192024359e-01
-6.310803306261723866e-02 2.754795492756250200e-02 -2.290792032966433855e-01 -2.079988019219867756e-01 -1.550376125229295521e-01 1.061916214993007673e-01 -8.628407363611798053e-02 -1.043614965409003226e-01 8.543963266848705884e-02 1.307555042768339115e-01
2.311537668499869802e-01 -4.193646006734547821e-02 6.704115940793345385e-02 2.243181435687498504e-01 1.961044700430668586e-01 1.558097757900975960e-02 1.931765568700924973e-01 1.748371431100809864e-02 1.011812914217322945e-01 2.063841252612649557e-01
-1.389349484061014606e-01 7.500284184743895299e-02 2.257882157425245007e-02 -6.489755898991297900e-02 -1.399441120362828750e-01 7.535679622136038855e-03 -2.620481568007957951e-01 2.543025959137622596e-02 5.929672766546175561e-02 -1.046761312202202920e-01
-8.497929608388173073e-02 9.823012839484453196e-02 -9.254354517985134698e-02 -4.467166775935219047e-02 1.051229909648928318e-01 2.150279330507175735e-01 -1.800624708783876149e-01 -1.366466309516106981e-01 1.626202897103505296e-01 -1.673778963619076965e-01
1.929037534437872958e-01 1.896179574489354203e-01 1.908035391822734961e-02 2.548095070631420378e-01 -2.084804643065067686e-01 7.479014628712521429e-02 -7.275280631007943234e-03 1.252606570707054390e-01 2.341495666178117496e-01 -5.735938395018265468e-02
1.693050070356118542e-01 -4.758036258982455699e-04 -1.145323128591451724e-02 -1.953856341969770205e-01 -1.437032812923688396e-01 -1.041865262368446149e-01 -5.111048569828619687e-02 3.407402739563774458e-02 -1.379280420763322745e-01 2.437346565752245009e-01
2.849822470051735848e-02 -4.810736843067690144e-02 -4.463911999225344401e-02 -1.505838174633047089e-01 2.321982054369121640e-01 -2.235751529402103532e-01 2.692183482326002391e-03 -5.765169501565042820e-02 2.304297918076579910e-01 -1.186884906940292861e-01
1.710585047273263659e-01 9.626124838168673148e-02 -2.486875771186472239e-01 -7.321001841868765569e-02 -4.093342962601633633e-02 9.619840480209757017e-02 -1.724003043384368383e-01 1.952663252411087624e-01 -1.023303700677946071e-01 5.294735353227515012e-02
4.446279725573355768e-02 -2.411074775343138160e-02 -1.704724116414962631e-01 1.473548659255677629e-01 -2.113570451974619568e-01 6.203000010086758432e-04 -1.573681994396161632e-02 -1.861164190039657496e-01 1.671493895280050657e-01 -1.703806934121992467e-01
-2.491833097250149842e-01 -7.675776210372756148e-02 2.085401718592941600e-01 -2.345183852907115618e-01 6.540097695825593249e-02 -1.417177540469770902e-01 6.787855347640441017e-02 -2.435453055187729310e-01 3.374113933217340322e-02 -1.143529541057344660e-02
-6.604439426889763265e-02 5.278214189873599305e-02 -7.050889384670387672e-02 1.226978366881058269e-01 -1.205499949739382431e-01 -1.312344168720741000e-01 7.062626423175674684e-02 1.505763332650484898e-01 6.579088278293693248e-02 -2.201776059715942688e-02
-1.243426116516526542e-01 -1.730020621792753566e-01 7.889573653719272883e-02 -1.193336119773212023e-01 1.754533038853821336e-02 -7.812138870075115149e-02 -2.027171582971661612e-01 1.410079320154960236e-01 -1.698831840956089023e-01 1.631033684097800140e-01
-1.263622523942755649e-01 -7.571808373356837818e-02 1.679384071808289955e-02 2.122761115364830142e-01 1.163656281170978857e-01 -2.151480612035159765e-02 2.420509810375037762e-01 -3.436064878606637923e-02 4.599955573587162505e-02 -6.559734343948868396e-02
-2.334121451919940193e-01 -9.758390117587483620e-03 -2.114020202735720499e-01 2.017477093318200687e-01 1.649247895353656568e-01 2.410063315186992960e-01 -7.114493710377335633e-02 7.805761739116839383e-03 5.180975117023591675e-02 8.020034486262954398e-02
-9.362178039700026766e-02 1.806955805301978524e-01 -1.561619869868484112e-01 -2.042236253370029730e-01 -1.829993667459024198e-01 2.240614859104201884e-01 -1.976152382608616920e-01 2.011373022401632404e-01 2.430357989332885271e-01 3.887022964860059604e-02
-1.971587705842695881e-01 1.649316418574081344e-01 1.257147392449279866e-01 -4.761585338928406991e-02 2.120605508937538908e-01 2.157687560771039958e-01 -9.847293769939219343e-02 7.608808561680156790e-02 -8.796916038255460368e-02 1.944947941837270877e-01
-6.586089079981692629e-02 6.431324614443056920e-02 -1.122421104094359356e-01 2.440169494927932059e-01 -6.410076767724792735e-02 -2.372786132817610860e-01 -2.063880723447623217e-02 5.164748988283755088e-02 1.217585832744036145e-01 6.036134306064933758e-02
2.427259521721293611e-01 -2.287257902817431687e-01 8.049434962959017836e-02 7.378395238292291547e-02 2.002551669994684647e-01 2.478333040938897058e-01 2.472336797196583169e-01 1.646400854804936920e-01 -1.576226902200529856e-01 1.156531524297846336e-02
-1.524125904084935312e-01 8.527988087135963957e-02 7.430689170228235892e-03 -1.480206856057790787e-01 2.281231808826920116e-01 -6.755135593502505607e-03 -1.549077006037968551e-01 -2.400323693751600929e-01 1.099370580370089417e-01 8.386203113059088887e-02
-2.289685235603197977e-01 -2.182756180362877829e-01 -1.149753713204151317e-01 2.005507424338487943e-01 1.969706240456914892e-01 -1.833814456394188830e-01 2.077552057545898473e-02 -1.975800381710786091e-01 -2.310019265273908773e-01 -2.088402593656837197e-02
6.889857636603416435e-02 -2.647840752117647072e-03 1.053429273342647160e-01 -7.402341436571728203e-03 5.884853924855924789e-02 -1.692608366398530295e-01 1.439397849353955261e-01 -3.020773216168218950e-02 -1.206554595947592068e-01 -6.360792461151456960e-03
-8.361078624067659615e-02 -1.075459311295941522e-01 6.781295898698912195e-02 1.061966968658064892e-01 -2.427713696663083842e-01 1.338515317298094864e-01 8.034954505370481281e-02 -9.330296912729246859e-04 -1.524853410924029151e-01 2.334504040814898151e-01
-9.608997430835854170e-02 8.184241819899411297e-02 -1.834282103112734041e-01 2.471387286226222613e-01 9.471853769859789329e-03 -6.048327192263217716e-02 2.307657238908547292e-01 -1.287121471136230544e-01 -1.778964803857741028e-01 -1.560972659656620076e-01
9.357070315989440834e-02 -1.295050575364852519e-01 -2.369370335763706092e-01 -2.439695878384872951e-01 -1.413109350044100265e-01 -1.436585578672568142e-02 -1.168146377121387081e-01 -2.084997822685980828e-01 -1.428483888863543716e-01 -1.964944406881461436e-01
-8.058700920874505014e-02 -1.934303010164111769e-01 -2.464381985231212657e-01 -7.080279139860941318e-02 1.687585499573299730e-01 1.556785814751624752e-01 1.542759250500885249e-01 7.299001483959222103e-02 2.251393470537467190e-01 2.440347127853002007e-01
