2.005148024726319256e-02
1.168049541322734447e-01
-1.118495052243813348e-01
-1.082344261600406837e-01
-7.662328432756150554e-02
1.019786582217924314e-01
-1.117036971691220126e-01
-3.966130817157423327e-02
-1.235728688820048327e-01
-8.389136187017025292e-02
-8.892725663057138297e-02
4.670877127098766596e-02
-9.286098965775112235e-02
2.447590958435379507e-02
6.900260913538096286e-02
-6.989158656800181779e-02
-3.250316732308588391e-02
8.596425859035564110e-02
6.171968709078567983e-02
-2.104904573251122676e-03
9.347015426201985000e-02
2.697598688259572608e-02
-1.289684786683578388e-01
1.209853527598587358e-02
4.913234127266168788e-02
-1.198664983221288949e-01
-1.060609146880149567e-01
-6.192207203054279213e-02
-1.320277856002754491e-01
-7.397293541693737706e-02
-6.621599270860326070e-02
-1.242299415606184648e-01
-5.279319877504097536e-02
-9.854645100406896063e-02
5.410249723877603306e-02
9.533573702895609125e-02
1.107370172465760999e-01
-6.618184979319677308e-02
2.796208252499464766e-02
5.122506608775852927e-02
6.571308453606365674e-02
3.977757958160036550e-02
5.390773688348136916e-02
-1.095651533814061412e-01
-7.974004559368702560e-02
7.472676102498780615e-02
8.390215663911802790e-02
1.072896937174648846e-01
3.951952890338500390e-02
1.091744217756372703e-01
4.912510282655626476e-02
1.095157977677720107e-01
4.154674844668564127e-02
-1.069435533168676400e-01
-6.948271443426040639e-02
-1.649401169857742447e-02
6.633547328776731589e-03
-8.667924009317602707e-03
1.236680398563996287e-02
6.095715301519509695e-03
5.064710729762602476e-02
-1.154329665617792045e-01
8.796509079375305906e-02
2.576761480669721022e-02
-1.101085694647635088e-01
6.408394638039008329e-02
-7.748428294604078892e-02
2.362496076436428061e-02
1.572653495484818004e-02
1.469685643807653631e-02
6.278485146313803056e-02
5.300530418854187964e-02
-1.074996228263130071e-01
1.171304194627157021e-02
9.046359894015375269e-02
6.983522021365901923e-04
-1.124142723711301500e-01
9.958073963466592543e-03
2.900122179754410431e-02
2.080642259937372229e-02
-4.298907706444433929e-02
-4.900815809912330984e-02
2.441109982279682407e-03
-4.261252298353983281e-02
-3.787209197361188912e-02
-2.309656951455158619e-02
7.071142696365514957e-02
-1.198579431541453924e-02
1.144958819214969906e-02
1.029001413958819389e-01
9.710899530012011283e-02
1.045970473166370485e-01
-1.100706060670476050e-01
-1.247004343909955820e-01
-7.938016497723951459e-03
4.851807210551688232e-02
-9.116511018179986048e-02
1.124788681261084805e-01
1.019775417326369837e-01
4.919688036511530964e-03
-1.643573569356014674e-02
4.881798156434342256e-02
1.293293444744020582e-01
-8.055752489006226535e-02
1.074491868993175669e-01
8.348916178485632500e-02
1.154772767818975920e-01
9.904190307870093524e-02
6.337902648707541275e-02
-1.242868104349858366e-02
-7.121825870160886085e-02
1.166251418859107492e-01
-2.865341955862144713e-02
-4.943426102312015180e-02
8.623611328676554499e-02
9.379991790622958792e-02
1.887057408776150053e-02
-2.003603105173264176e-02
4.954953576840308294e-02
9.359788943015223683e-02
7.673687302818717193e-02
1.129265944363792434e-01
-2.984290146157382237e-02
2.378215727419047756e-02
9.965604242849623873e-02
-1.239908308069806731e-01
-4.392993208303296038e-03
-8.742227927065447657e-02
9.988531752942514386e-02
-7.807083256840420538e-02
1.055208316347063836e-02
2.868586546729745210e-02
5.520882010885871938e-02
-1.163213632927169033e-01
5.090230674009139228e-02
2.927825941810436455e-02
1.310939226301808570e-02
-4.606866061252244682e-02
-1.604733461941640002e-02
1.066362556486373653e-01
1.670112054846388527e-02
-5.924325167407553522e-02
1.012778535367173938e-01
-7.440855096675470792e-02
-1.206433482248757544e-01
1.367470352918911947e-01
-4.893017378452717975e-02
-3.499932686860700304e-02
-1.344661105359843400e-01
1.221312454989774560e-01
3.872472114359177403e-02
-8.605529878915278708e-02
-4.619284399769654770e-02
1.309445801121252029e-01
9.434480721845593665e-02
1.308664775847538098e-01
7.629522055889309540e-02
-5.120042083330935551e-02
9.966846280299719585e-02
-5.187283524392159728e-02
